id, director_score
1,81.28846153846153
2,64.52054794520548
3,86.72972972972973
4,91.6
5,91.6
6,91.92592592592592
7,81.38235294117646
8,92.85714285714286
9,81.18181818181819
10,77.3
11,91.6
12,56.05813953488372
13,85.70454545454545
14,91.6
15,73.76100628930817
16,91.6
17,64.59722222222223
18,77.01204819277109
19,77.86538461538461
20,77.4390243902439
21,74.34
22,71.26415094339623
23,80.69491525423729
24,71.97142857142858
25,91.6
26,79.14285714285714
27,80.42857142857143
28,84.225
29,86.96551724137932
30,85.95348837209302
31,87.75
32,85.72727272727273
33,74.19444444444444
34,88.63636363636364
35,66.89333333333333
36,73.45652173913044
37,80.72727272727273
38,80.53658536585365
39,91.6
40,85.66666666666667
41,91.6
42,83.90243902439025
43,79.88461538461539
44,83.3953488372093
45,75.93939393939394
46,90.35483870967742
47,77.3
48,73.8108108108108
49,91.6923076923077
50,81.4
51,91.65517241379311
52,76.171875
53,77.60606060606061
54,91.6
55,75.475
56,70.71428571428571
57,88.62068965517241
58,66.84375
59,83.0
60,77.17857142857143
61,77.44444444444444
62,89.8048780487805
63,80.92682926829268
64,70.74285714285715
65,82.9795918367347
66,80.71428571428571
67,81.80645161290323
68,89.45
69,84.88095238095238
70,79.93023255813954
71,81.94444444444444
72,85.11904761904762
73,91.6
74,90.51612903225806
75,82.0
76,81.74358974358974
77,91.6
78,71.390625
79,61.552083333333336
80,79.79166666666667
81,77.06666666666666
82,82.4
83,79.02702702702703
84,69.88235294117646
85,84.80645161290323
86,74.67241379310344
87,81.60416666666667
88,80.74358974358974
89,87.05714285714286
90,74.04
91,73.8108108108108
92,88.48571428571428
93,91.6
94,91.6
95,85.03571428571429
96,91.6
97,89.06451612903226
98,91.6
99,80.74193548387096
100,69.08108108108108
101,91.6
102,69.76288659793815
103,91.6
104,78.70588235294117
105,91.6
106,87.42424242424242
107,73.70454545454545
108,71.20238095238095
109,74.53488372093024
110,85.91111111111111
111,72.80246913580247
112,77.0
113,69.76288659793815
114,82.32758620689656
115,84.39622641509433
116,91.6
117,83.39473684210526
118,64.78947368421052
119,78.05454545454545
120,81.34042553191489
121,66.89333333333333
122,82.91428571428571
123,69.63636363636364
124,71.53846153846153
125,91.6
126,75.87755102040816
127,79.24444444444444
128,69.95890410958904
129,78.33333333333333
130,78.37349397590361
131,90.83870967741936
132,87.29411764705883
133,90.66666666666667
134,91.6
135,73.6984126984127
136,89.08823529411765
137,91.6
138,74.38775510204081
139,80.77777777777777
140,80.78
141,82.46551724137932
142,79.86486486486487
143,85.72727272727273
144,82.51515151515152
145,86.86486486486487
146,89.54838709677419
147,77.53658536585365
148,91.6
149,64.82926829268293
150,65.25
151,85.86206896551724
152,88.20689655172414
153,81.16279069767442
154,67.28571428571429
155,79.34146341463415
156,85.17241379310344
157,91.6
158,52.07070707070707
159,91.6
160,69.95890410958904
161,79.83783783783784
162,91.6
163,91.6
164,86.76744186046511
165,74.34
166,83.7
167,86.76470588235294
168,76.76923076923077
169,76.171875
170,88.73170731707317
171,86.6829268292683
172,80.42857142857143
173,83.05263157894737
174,91.6
175,79.13888888888889
176,67.28571428571429
177,73.72857142857143
178,91.6
179,82.3695652173913
180,79.48717948717949
181,91.6
182,77.65333333333334
183,68.62162162162163
184,77.78181818181818
185,72.02631578947368
186,91.6
187,84.71875
188,88.21052631578948
189,89.95918367346938
190,60.984375
191,83.11764705882354
192,91.6
193,83.13888888888889
194,79.67647058823529
195,85.61538461538461
196,89.6
197,70.51428571428572
198,75.51351351351352
199,65.25
200,69.33
201,72.46296296296296
202,89.29545454545455
203,91.6
204,85.88888888888889
205,82.62162162162163
206,78.36363636363636
207,84.85714285714286
208,71.15789473684211
209,91.6
210,79.7
211,83.1470588235294
212,73.76100628930817
213,81.71052631578948
214,78.82857142857142
215,91.6
216,82.5576923076923
217,83.93103448275862
218,65.48571428571428
219,91.6
220,88.37837837837837
221,87.93548387096774
222,83.63888888888889
223,85.58620689655173
224,84.08695652173913
225,83.59375
226,82.51515151515152
227,76.7
228,83.65789473684211
229,85.66666666666667
230,80.7843137254902
231,72.02631578947368
232,87.87878787878788
233,85.95348837209302
234,92.34482758620689
235,86.0
236,75.56896551724138
237,71.65116279069767
238,91.6
239,77.4375
240,91.6
241,70.83673469387755
242,91.6
243,91.6
244,76.93150684931507
245,79.02777777777777
246,74.47619047619048
247,79.47916666666667
248,82.25641025641026
249,72.38888888888889
250,78.83783783783784
251,89.34615384615384
252,70.24528301886792
253,73.5625
254,91.6
255,91.6
256,68.21794871794872
257,91.6
258,91.6
259,86.375
260,89.25
261,79.11904761904762
262,77.30909090909091
263,90.0909090909091
264,84.24324324324324
265,77.35483870967742
266,78.37349397590361
267,73.89690721649484
268,91.6
269,74.97142857142858
270,81.48717948717949
271,81.66666666666667
272,71.98507462686567
273,91.6
274,75.77142857142857
275,73.90384615384616
276,86.73239436619718
277,91.6
278,65.48571428571428
279,91.6
280,78.73584905660377
281,78.54545454545455
282,88.9047619047619
283,80.5576923076923
284,91.6
285,77.39024390243902
286,78.56862745098039
287,91.6
288,64.52054794520548
289,91.6
290,91.6
291,79.98039215686275
292,81.24074074074075
293,66.43076923076923
294,77.56410256410257
295,83.0
296,82.39393939393939
297,72.63414634146342
298,71.53846153846153
299,72.78082191780823
300,76.66666666666667
301,76.0
302,87.70967741935483
303,67.47272727272727
304,79.97058823529412
305,68.94871794871794
306,80.89830508474576
307,83.20833333333333
308,67.2
309,91.6
310,79.39393939393939
311,80.32692307692308
312,81.97560975609755
313,75.90322580645162
314,91.6
315,90.41379310344827
316,77.46666666666667
317,91.52777777777777
318,91.6
319,86.70588235294117
320,88.4090909090909
321,92.45161290322581
322,91.6
323,91.6
324,73.58
325,81.60416666666667
326,74.2
327,74.0
328,75.47058823529412
329,77.94117647058823
330,88.73170731707317
331,74.7948717948718
332,82.42857142857143
333,70.11363636363636
334,89.02222222222223
335,84.42105263157895
336,81.74358974358974
337,77.4390243902439
338,91.6
339,70.22727272727273
340,78.3529411764706
341,86.16129032258064
342,73.79629629629629
343,82.6896551724138
344,91.6
345,77.94366197183099
346,81.5
347,77.75555555555556
348,82.11904761904762
349,92.59574468085107
350,92.06896551724138
351,91.6
352,83.39024390243902
353,74.93442622950819
354,74.91428571428571
355,79.70270270270271
356,89.6875
357,74.19444444444444
358,86.35135135135135
359,91.6
360,84.39622641509433
361,91.79310344827586
362,84.42105263157895
363,91.6
364,89.05263157894737
365,78.73584905660377
366,89.18181818181819
367,78.97435897435898
368,91.6
369,80.42222222222222
370,85.0
371,90.35714285714286
372,77.12121212121212
373,78.42424242424242
374,80.89830508474576
375,91.6
376,69.88235294117646
377,83.48571428571428
378,83.1896551724138
379,83.37931034482759
380,88.87096774193549
381,76.59649122807018
382,91.6
383,84.05555555555556
384,83.81395348837209
385,76.38666666666667
386,82.91428571428571
387,91.6
388,85.13157894736842
389,87.41935483870968
390,74.26190476190476
391,91.6
392,91.6
393,91.6
394,64.82926829268293
395,72.22916666666667
396,88.89655172413794
397,80.63888888888889
398,76.43243243243244
399,78.73584905660377
400,91.6
401,82.22857142857143
402,91.6
403,79.8529411764706
404,91.6
405,91.6
406,71.97142857142858
407,81.71428571428571
408,76.38666666666667
409,68.41176470588235
410,91.6
411,80.70175438596492
412,77.64444444444445
413,91.6
414,91.6
415,80.5909090909091
416,70.13636363636364
417,86.35483870967742
418,80.96969696969697
419,78.28571428571429
420,78.96551724137932
421,74.9009900990099
422,85.21621621621621
423,83.78125
424,91.6
425,91.6
426,87.67567567567568
427,72.40845070422536
428,87.24137931034483
429,88.4090909090909
430,85.36363636363636
431,85.10526315789474
432,77.97142857142858
433,85.15555555555555
434,78.51219512195122
435,73.775
436,75.65789473684211
437,91.6
438,91.6
439,77.06666666666666
440,91.6
441,82.96774193548387
442,80.32692307692308
443,89.74
444,78.95
445,82.71111111111111
446,77.71428571428571
447,81.97297297297297
448,89.74193548387096
449,80.53658536585365
450,69.88235294117646
451,70.13157894736842
452,80.06896551724138
453,83.24137931034483
454,80.625
455,82.2439024390244
456,81.46153846153847
457,86.43023255813954
458,81.97297297297297
459,91.6
460,72.84210526315789
461,91.6
462,71.4047619047619
463,71.36486486486487
464,69.76288659793815
465,75.76470588235294
466,78.04081632653062
467,60.40229885057471
468,72.95238095238095
469,82.4
470,91.6
471,64.5
472,91.6
473,77.325
474,80.34210526315789
475,80.89655172413794
476,91.6
477,71.93103448275862
478,87.19444444444444
479,81.72413793103448
480,76.0
481,91.6
482,78.52941176470588
483,71.6842105263158
484,69.02272727272727
485,75.03921568627452
486,75.4770642201835
487,75.4770642201835
488,91.6
489,73.46341463414635
490,85.16
491,92.06896551724138
492,75.4770642201835
493,80.34210526315789
494,66.84375
495,78.96551724137932
496,78.03225806451613
497,85.87096774193549
498,77.44444444444444
499,86.0
500,82.6470588235294
501,91.6
502,83.16279069767442
503,81.0
504,78.37349397590361
505,86.72093023255815
506,91.6
507,72.80246913580247
508,74.33333333333333
509,83.27272727272727
510,91.6
511,84.41666666666667
512,91.6
513,81.72413793103448
514,69.88235294117646
515,85.09375
516,74.24137931034483
517,86.3030303030303
518,91.6
519,73
520,89.375
521,91.6
522,77.72727272727273
523,78.93333333333334
524,91.6
525,91.6
526,81.9090909090909
527,83.67647058823529
528,80.89655172413794
529,79.36734693877551
530,68.8125
531,86.63157894736842
532,83.89473684210526
533,77.67567567567568
534,91.6
535,81.9090909090909
536,78.37349397590361
537,61.68421052631579
538,61.31944444444444
539,73.76100628930817
540,84.11538461538461
541,83.81395348837209
542,85.10526315789474
543,70.22727272727273
544,84.39622641509433
545,90.39473684210526
546,91.6
547,82.9795918367347
548,91.6
549,88.66666666666667
550,79.8225806451613
551,66.84375
552,91.6
553,79.46153846153847
554,82.07142857142857
555,86.45161290322581
556,89.05
557,84.64102564102564
558,91.6
559,73.81967213114754
560,88.86486486486487
561,81.3103448275862
562,91.6
563,74.26190476190476
564,91.6
565,86.27586206896552
566,91.84848484848484
567,79.7439024390244
568,86.08823529411765
569,68.04545454545455
570,82.30232558139535
571,83.46808510638297
572,79.79166666666667
573,77.44444444444444
574,91.6
575,83.3030303030303
576,82.60526315789474
577,69.95890410958904
578,91.6
579,91.6
580,82.46551724137932
581,76.06
582,78.74545454545455
583,85.16
584,72.84210526315789
585,90.88571428571429
586,88.9090909090909
587,91.6
588,91.6
589,84.53658536585365
590,80.89830508474576
591,74.58333333333333
592,92.45161290322581
593,83.27272727272727
594,85.10526315789474
595,74.26190476190476
596,91.6
597,91.6
598,91.6
599,80.33333333333333
600,84.84375
601,73.8
602,91.6
603,73.58
604,78.69444444444444
605,77.46666666666667
606,91.6
607,76.27272727272727
608,85.91891891891892
609,84.09302325581395
610,74.26315789473684
611,77.07317073170732
612,91.6
613,80.94642857142857
614,70.95
615,91.6
616,84.68571428571428
617,84.89655172413794
618,91.6
619,73.51020408163265
620,86.3108108108108
621,72.18518518518519
622,79.08108108108108
623,81.13953488372093
624,75.5813953488372
625,74.13157894736842
626,92.0925925925926
627,78.47727272727273
628,86.10810810810811
629,85.28125
630,88.02777777777777
631,82.9795918367347
632,88.5079365079365
633,66.95
634,71.52272727272727
635,82.0
636,80.53658536585365
637,83.7
638,91.6
639,74.91666666666667
640,69.44660194174757
641,77.4
642,91.6
643,70.70886075949367
644,81.86046511627907
645,88.89285714285714
646,91.6
647,75.82926829268293
648,81.65853658536585
649,86.65853658536585
650,93.0
651,87.29545454545455
652,87.2258064516129
653,77.65333333333334
654,83.86363636363636
655,80.41025641025641
656,74.86842105263158
657,68.90178571428571
658,75.625
659,91.6
660,84.06896551724138
661,91.6
662,91.6
663,67.76404494382022
664,91.6
665,69.63636363636364
666,70.02439024390245
667,84.39622641509433
668,84.8780487804878
669,91.6
670,73.17777777777778
671,78.15094339622641
672,86.96969696969697
673,84.78378378378379
674,80.83928571428571
675,67.28571428571429
676,87.65517241379311
677,69.87179487179488
678,79.30909090909091
679,83.55813953488372
680,86.43023255813954
681,76.43
682,91.6
683,79.35
684,66.78048780487805
685,80.71739130434783
686,86.72093023255815
687,91.6
688,77.42424242424242
689,81.16279069767442
690,79.26315789473684
691,86.02173913043478
692,73.58
693,73.28571428571429
694,83.63414634146342
695,73.8
696,76.02631578947368
697,82.12765957446808
698,87.45454545454545
699,91.6
700,71.52272727272727
701,81.78571428571429
702,91.6
703,76.13793103448276
704,91.6
705,64.57142857142857
706,86.43023255813954
707,70.71428571428571
708,91.6
709,83.59375
710,91.6
711,83.83870967741936
712,84.34146341463415
713,74.67241379310344
714,84.05555555555556
715,78.7872340425532
716,79.25454545454545
717,79.11764705882354
718,91.6
719,88.20689655172414
720,91.6
721,78.81132075471699
722,88.58823529411765
723,78.80392156862744
724,91.6
725,76.13793103448276
726,91.6
727,91.76470588235294
728,76.55405405405405
729,87.64
730,77.3
731,91.6
732,83.3076923076923
733,79.13888888888889
734,91.6
735,91.78125
736,72.45652173913044
737,85.95833333333333
738,79.96969696969697
739,76.38666666666667
740,72.84210526315789
741,80.59574468085107
742,91.6
743,92.48275862068965
744,69.90384615384616
745,73.72857142857143
746,83.16666666666667
747,91.6
748,84.34482758620689
749,83.45
750,67.14285714285714
751,72.08888888888889
752,60.40229885057471
753,91.6
754,72.45652173913044
755,83.6938775510204
756,81.71428571428571
757,84.39393939393939
758,82.5576923076923
759,81.15
760,81.04
761,78.74545454545455
762,66.03571428571429
763,86.25
764,78.04444444444445
765,91.6
766,80.75
767,74.70212765957447
768,81.3953488372093
769,88.25714285714285
770,74.48571428571428
771,77.64444444444445
772,85.67647058823529
773,91.6
774,90.27586206896552
775,91.6
776,92.35483870967742
777,85.02564102564102
778,86.56
779,85.94117647058823
780,79.88372093023256
781,91.6
782,70.40625
783,71.36486486486487
784,91.6
785,75.64814814814815
786,78.4054054054054
787,76.05555555555556
788,85.8529411764706
789,91.6
790,86.56
791,91.6
792,88.28947368421052
793,79.54347826086956
794,73.15
795,91.6
796,77.82
797,91.6
798,85.96969696969697
799,87.10344827586206
800,76.9047619047619
801,73.28787878787878
802,89.83333333333333
803,82.74285714285715
804,88.35897435897436
805,81.58620689655173
806,91.6
807,73.5625
808,90.11111111111111
809,84.25581395348837
810,69.76288659793815
811,85.95348837209302
812,76.53968253968254
813,66.89333333333333
814,87.85185185185185
815,91.6
816,75.73846153846154
817,66.46551724137932
818,91.6
819,64.78947368421052
820,68.73684210526316
821,80.28888888888889
822,88.68888888888888
823,76.825
824,74.67307692307692
825,82.05882352941177
826,85.10526315789474
827,91.6
828,91.6
829,82.05263157894737
830,87.03225806451613
831,85.6923076923077
832,86.0
833,85.36363636363636
834,91.6
835,74.94957983193277
836,78.15094339622641
837,82.26190476190476
838,88.73170731707317
839,81.85106382978724
840,75.42857142857143
841,92.75862068965517
842,75.625
843,87.65517241379311
844,80.54838709677419
845,88.21052631578948
846,75.73394495412845
847,75.82926829268293
848,76.1063829787234
849,86.28571428571429
850,91.27906976744185
851,88.55813953488372
852,71.26415094339623
853,76.58333333333333
854,69.76288659793815
855,91.6
856,88.75862068965517
857,84.96969696969697
858,78.55
859,91.6
860,75.73846153846154
861,80.83870967741936
862,86.25
863,89.58620689655173
864,83.91304347826087
865,91.6
866,91.6
867,91.05128205128206
868,83.93939393939394
869,69.76288659793815
870,75.475
871,91.6
872,69.0
873,91.6
874,91.6
875,88.38709677419355
876,79.07692307692308
877,77.62962962962963
878,76.58333333333333
879,80.25806451612904
880,71.62790697674419
881,77.01204819277109
882,78.93333333333334
883,78.87179487179488
884,76.9047619047619
885,91.6
886,76.171875
887,87.47222222222223
888,77.06349206349206
889,77.28571428571429
890,77.25806451612904
891,78.15094339622641
892,84.64864864864865
893,90.51515151515152
894,83.27272727272727
895,73.79629629629629
896,91.6
897,73.28260869565217
898,72.92063492063492
899,76.98113207547169
900,91.6
901,91.6
902,92.66666666666667
903,73.76100628930817
904,91.6
905,81.1304347826087
906,73.12941176470588
907,83.11428571428571
908,76.07070707070707
909,76.65853658536585
910,72.80246913580247
911,91.6
912,90.2258064516129
913,64.7
914,77.46666666666667
915,85.18181818181819
916,91.6
917,79.25454545454545
918,79.16666666666667
919,86.3030303030303
920,91.6
921,83.93103448275862
922,91.6
923,82.91428571428571
924,73.89690721649484
925,91.6
926,82.0
927,66.84375
928,80.78
929,78.54285714285714
930,78.67796610169492
931,77.6
932,91.6
933,82.87096774193549
934,68.53086419753086
935,80.88461538461539
936,83.40625
937,89.58620689655173
938,87.2258064516129
939,83.64516129032258
940,87.76470588235294
941,81.34285714285714
942,84.80645161290323
943,77.08695652173913
944,69.08333333333333
945,91.6
946,91.6
947,86.25
948,80.42857142857143
949,91.6
950,79.59649122807018
951,79.48717948717949
952,80.23529411764706
953,76.66666666666667
954,74.9009900990099
955,91.6
956,70.71428571428571
957,90.90322580645162
958,77.72727272727273
959,82.3953488372093
960,79.24444444444444
961,91.6
962,84.825
963,61.31944444444444
964,89.12121212121212
965,87.58823529411765
966,84.66666666666667
967,84.75
968,91.6
969,91.6
970,60.40229885057471
971,91.6
972,69.66
973,91.6
974,91.6
975,83.40625
976,80.25806451612904
977,75.4770642201835
978,91.6
979,60.752941176470586
980,91.6
981,77.70731707317073
982,78.62068965517241
983,85.86206896551724
984,66.84375
985,77.62962962962963
986,91.51724137931035
987,82.22857142857143
988,82.41666666666667
989,82.05263157894737
990,73.03333333333333
991,88.55813953488372
992,91.6
993,90.5
994,91.6
995,76.53968253968254
996,81.90322580645162
997,89.61111111111111
998,69.66
999,66.78048780487805
1000,91.6
1001,76.66666666666667
1002,84.06060606060606
1003,77.06349206349206
1004,85.7741935483871
1005,90.57575757575758
1006,80.59574468085107
1007,82.58064516129032
1008,76.97222222222223
1009,77.11111111111111
1010,91.6
1011,76.55405405405405
1012,77.46666666666667
1013,84.2
1014,74.425
1015,82.75675675675676
1016,91.6
1017,83.25806451612904
1018,78.9090909090909
1019,91.6
1020,76.19354838709677
1021,89.88372093023256
1022,91.6
1023,69.08333333333333
1024,73.77777777777777
1025,82.11904761904762
1026,80.75757575757575
1027,85.27777777777777
1028,90.39473684210526
1029,91.53846153846153
1030,73.8
1031,90.96551724137932
1032,90.8
1033,91.6
1034,83.97297297297297
1035,82.60526315789474
1036,78.47727272727273
1037,85.5111111111111
1038,89.74193548387096
1039,80.46875
1040,91.6
1041,91.6
1042,66.63636363636364
1043,71.97872340425532
1044,76.36538461538461
1045,91.6
1046,80.825
1047,75.37837837837837
1048,87.36585365853658
1049,91.6
1050,79.53488372093024
1051,87.24137931034483
1052,79.08108108108108
1053,91.6
1054,91.6
1055,85.70454545454545
1056,71.04761904761905
1057,89.06060606060606
1058,79.39393939393939
1059,72.55384615384615
1060,79.48717948717949
1061,84.22448979591837
1062,73.45454545454545
1063,85.48387096774194
1064,83.45
1065,82.15625
1066,78.66326530612245
1067,76.27027027027027
1068,75.16363636363636
1069,69.63636363636364
1070,85.11904761904762
1071,80.74358974358974
1072,84.51351351351352
1073,83.27272727272727
1074,74.3
1075,80.7741935483871
1076,83.75757575757575
1077,91.6
1078,82.2439024390244
1079,79.4390243902439
1080,89.74358974358974
1081,91.6
1082,72.92063492063492
1083,83.45161290322581
1084,91.6
1085,92.48275862068965
1086,91.6
1087,70.08974358974359
1088,84.23076923076923
1089,81.375
1090,83.77272727272727
1091,88.37837837837837
1092,76.65625
1093,91.6
1094,75.73394495412845
1095,73.23404255319149
1096,77.44444444444444
1097,83.76315789473684
1098,91.6
1099,91.6
1100,77.71428571428571
1101,91.6
1102,86.41379310344827
1103,64.59722222222223
1104,73.91304347826087
1105,78.25641025641026
1106,88.48571428571428
1107,91.6
1108,77.08695652173913
1109,89.72727272727273
1110,86.07142857142857
1111,79.88235294117646
1112,77.62962962962963
1113,91.6
1114,91.6
1115,77.65217391304348
1116,88.56410256410257
1117,75.96969696969697
1118,72.08888888888889
1119,73.12941176470588
1120,78.93333333333334
1121,66.84375
1122,74.9009900990099
1123,73.0
1124,81.0
1125,77.27272727272727
1126,80.19047619047619
1127,91.6
1128,80.91666666666667
1129,69.95890410958904
1130,80.79545454545455
1131,72.22916666666667
1132,91.6
1133,83.0
1134,87.13157894736842
1135,82.475
1136,91.6
1137,69.08333333333333
1138,79.1219512195122
1139,77.65217391304348
1140,89.18181818181819
1141,76.11904761904762
1142,91.6
1143,79.47916666666667
1144,90.125
1145,88.62068965517241
1146,76.72093023255815
1147,85.0
1148,91.6
1149,79.39393939393939
1150,89.58620689655173
1151,91.16666666666667
1152,61.31944444444444
1153,79.07575757575758
1154,81.97619047619048
1155,78.04081632653062
1156,91.6
1157,90.41176470588235
1158,91.6
1159,81.02631578947368
1160,83.52941176470588
1161,79.97058823529412
1162,91.6
1163,75.92647058823529
1164,80.29729729729729
1165,68.41176470588235
1166,83.39473684210526
1167,86.51020408163265
1168,74.3125
1169,70.22727272727273
1170,90.58536585365853
1171,87.25
1172,72.08888888888889
1173,67.47272727272727
1174,88.63636363636364
1175,74.53488372093024
1176,90.61111111111111
1177,79.97058823529412
1178,81.64864864864865
1179,89.08510638297872
1180,76.80555555555556
1181,72.39393939393939
1182,79.25454545454545
1183,60.752941176470586
1184,82.6896551724138
1185,82.55882352941177
1186,81.16129032258064
1187,86.27586206896552
1188,91.6
1189,91.6
1190,88.53846153846153
1191,87.24137931034483
1192,88.82222222222222
1193,72.80246913580247
1194,77.15384615384616
1195,81.03448275862068
1196,87.36585365853658
1197,75.55813953488372
1198,78.96551724137932
1199,91.6
1200,85.36538461538461
1201,76.27272727272727
1202,71.28703703703704
1203,91.6
1204,79.07692307692308
1205,76.80555555555556
1206,91.6
1207,91.6
1208,84.47619047619048
1209,80.29729729729729
1210,77.15384615384616
1211,74.77272727272727
1212,86.29787234042553
1213,78.07894736842105
1214,81.90322580645162
1215,82.33333333333333
1216,85.4
1217,91.6
1218,83.37931034482759
1219,81.375
1220,83.10344827586206
1221,89.06060606060606
1222,60.40229885057471
1223,85.90789473684211
1224,63.794871794871796
1225,82.19354838709677
1226,91.6
1227,91.6
1228,86.51020408163265
1229,69.66
1230,71.97872340425532
1231,91.6
1232,76.55405405405405
1233,79.27450980392157
1234,73.30434782608695
1235,78.3
1236,79.06060606060606
1237,73.79629629629629
1238,76.171875
1239,71.43103448275862
1240,83.5
1241,91.6
1242,80.89830508474576
1243,77.68333333333334
1244,91.6
1245,77.4390243902439
1246,90.125
1247,85.16
1248,91.6
1249,85.70454545454545
1250,83.45
1251,68.53086419753086
1252,73.51020408163265
1253,81.03030303030303
1254,72.78947368421052
1255,91.6
1256,91.6
1257,91.6
1258,85.21052631578948
1259,82.3695652173913
1260,79.64864864864865
1261,89.75
1262,91.6
1263,83.86842105263158
1264,73.8048780487805
1265,83.81395348837209
1266,73.83333333333333
1267,73.81818181818181
1268,91.6
1269,72.36842105263158
1270,93.8108108108108
1271,89.95918367346938
1272,78.13888888888889
1273,88.42553191489361
1274,65.25
1275,77.65217391304348
1276,64.59722222222223
1277,91.6
1278,91.6
1279,64.59722222222223
1280,91.6
1281,92.34482758620689
1282,81.78571428571429
1283,86.43023255813954
1284,81.51612903225806
1285,91.6
1286,76.71830985915493
1287,77.46666666666667
1288,90.94285714285714
1289,91.6
1290,83.35555555555555
1291,71.390625
1292,89.4888888888889
1293,72.30952380952381
1294,81.8157894736842
1295,79.97058823529412
1296,84.51612903225806
1297,76.7
1298,77.71428571428571
1299,72.02702702702703
1300,87.65714285714286
1301,91.6
1302,81.3103448275862
1303,81.02564102564102
1304,90.41666666666667
1305,91.79310344827586
1306,77.15384615384616
1307,78.72727272727273
1308,91.6
1309,73.25806451612904
1310,82.3921568627451
1311,77.0
1312,88.79166666666667
1313,78.3
1314,84.17647058823529
1315,91.6
1316,85.03571428571429
1317,81.17241379310344
1318,92.75862068965517
1319,71.36486486486487
1320,82.04081632653062
1321,91.6
1322,91.6
1323,77.06349206349206
1324,87.70967741935483
1325,91.6
1326,82.92105263157895
1327,80.56756756756756
1328,88.55813953488372
1329,85.8
1330,88.15094339622641
1331,91.6
1332,91.6
1333,61.31944444444444
1334,86.64516129032258
1335,85.4
1336,91.6
1337,87.31428571428572
1338,90.5
1339,91.6
1340,91.6
1341,76.7741935483871
1342,86.3225806451613
1343,90.88888888888889
1344,91.6
1345,81.44827586206897
1346,91.6
1347,84.41666666666667
1348,72.02631578947368
1349,91.6
1350,69.02272727272727
1351,82.72727272727273
1352,80.48275862068965
1353,82.15
1354,76.59649122807018
1355,79.38888888888889
1356,82.27027027027027
1357,81.72413793103448
1358,77.93548387096774
1359,80.15151515151516
1360,91.6
1361,78.22222222222223
1362,91.6
1363,76.825
1364,91.6
1365,91.6
1366,77.56716417910448
1367,91.6
1368,86.43023255813954
1369,74.91428571428571
1370,91.6
1371,80.75862068965517
1372,91.6
1373,86.6875
1374,70.13636363636364
1375,86.3076923076923
1376,69.87179487179488
1377,91.24137931034483
1378,64.52054794520548
1379,82.28888888888889
1380,83.925
1381,91.6
1382,88.5079365079365
1383,81.23529411764706
1384,77.65217391304348
1385,66.63636363636364
1386,76.93150684931507
1387,79.39622641509433
1388,91.6
1389,90.29411764705883
1390,72.80246913580247
1391,80.92682926829268
1392,82.91176470588235
1393,91.25714285714285
1394,84.48275862068965
1395,87.975
1396,91.6
1397,91.6
1398,80.825
1399,73.8
1400,74.47826086956522
1401,79.9
1402,68.8125
1403,88.96774193548387
1404,82.26190476190476
1405,79.67796610169492
1406,60.752941176470586
1407,91.6
1408,89.16129032258064
1409,79.79310344827586
1410,91.6
1411,80.63636363636364
1412,80.94642857142857
1413,91.2
1414,81.34210526315789
1415,91.6
1416,91.6
1417,75.16363636363636
1418,80.53658536585365
1419,77.53658536585365
1420,88.24242424242425
1421,90.82758620689656
1422,91.6
1423,91.6
1424,80.33333333333333
1425,75.25531914893617
1426,80.78
1427,75.09433962264151
1428,71.4047619047619
1429,77.79411764705883
1430,77.76190476190476
1431,91.6
1432,83.52941176470588
1433,70.95
1434,76.58333333333333
1435,91.6
1436,74.6086956521739
1437,75.80645161290323
1438,81.97560975609755
1439,91.6
1440,91.6
1441,81.4
1442,87.95121951219512
1443,82.34
1444,64.48837209302326
1445,91.6
1446,73.12941176470588
1447,78.97297297297297
1448,86.02631578947368
1449,84.46341463414635
1450,73.78181818181818
1451,88.55813953488372
1452,74.22222222222223
1453,79.59649122807018
1454,91.6
1455,68.62162162162163
1456,67.94871794871794
1457,92.75862068965517
1458,87.37931034482759
1459,91.6
1460,91.6
1461,80.89830508474576
1462,78.08823529411765
1463,87.92682926829268
1464,82.5952380952381
1465,75.08695652173913
1466,75.08695652173913
1467,83.75757575757575
1468,74.34
1469,91.6
1470,88.4090909090909
1471,91.6
1472,85.91111111111111
1473,75.25531914893617
1474,91.6
1475,78.80392156862744
1476,79.59649122807018
1477,81.74358974358974
1478,68.62162162162163
1479,74.6969696969697
1480,91.93103448275862
1481,88.5079365079365
1482,85.05555555555556
1483,91.6
1484,79.27272727272727
1485,83.34375
1486,85.61538461538461
1487,69.88235294117646
1488,85.75555555555556
1489,91.6
1490,75.93333333333334
1491,91.6
1492,84.3030303030303
1493,65.48571428571428
1494,65.92105263157895
1495,82.78378378378379
1496,91.6
1497,74.08333333333333
1498,91.6
1499,91.6
1500,91.6
1501,91.6
1502,76.59649122807018
1503,87.24137931034483
1504,91.6
1505,92.06896551724138
1506,81.72093023255815
1507,87.79310344827586
1508,69.22826086956522
1509,75.09433962264151
1510,82.78378378378379
1511,80.59574468085107
1512,85.90789473684211
1513,86.26470588235294
1514,82.27586206896552
1515,80.54838709677419
1516,82.3921568627451
1517,78.74545454545455
1518,79.0
1519,87.25581395348837
1520,75.87755102040816
1521,91.6
1522,91.6
1523,91.6
1524,85.86206896551724
1525,68.62162162162163
1526,79.26315789473684
1527,84.85714285714286
1528,72.64583333333333
1529,85.66666666666667
1530,85.40625
1531,81.70270270270271
1532,83.6
1533,83.65789473684211
1534,85.88888888888889
1535,78.55263157894737
1536,91.6
1537,89.0
1538,87.95121951219512
1539,91.6
1540,76.13793103448276
1541,88.1875
1542,91.6
1543,89.34615384615384
1544,75.93333333333334
1545,87.08823529411765
1546,81.5
1547,82.67441860465117
1548,82.74358974358974
1549,91.6
1550,86.74193548387096
1551,91.94444444444444
1552,84.85714285714286
1553,77.46666666666667
1554,79.27272727272727
1555,91.6
1556,73.5625
1557,86.76744186046511
1558,77.44444444444444
1559,91.6
1560,84.64102564102564
1561,81.71428571428571
1562,64.59722222222223
1563,90.5
1564,81.0
1565,87.63636363636364
1566,71.98507462686567
1567,86.55172413793103
1568,81.48780487804878
1569,80.48275862068965
1570,82.21875
1571,90.66666666666667
1572,74.1891891891892
1573,91.6
1574,82.96774193548387
1575,86.3170731707317
1576,91.6
1577,83.6938775510204
1578,87.4054054054054
1579,78.76086956521739
1580,78.81132075471699
1581,78.32558139534883
1582,87.45454545454545
1583,74.26315789473684
1584,74.425
1585,68.8125
1586,73.76923076923077
1587,67.2
1588,73.87755102040816
1589,82.3953488372093
1590,91.58823529411765
1591,87.83783783783784
1592,74.67241379310344
1593,88.5079365079365
1594,75.09433962264151
1595,80.52777777777777
1596,85.875
1597,79.11764705882354
1598,82.87096774193549
1599,83.94444444444444
1600,91.6
1601,84.37142857142857
1602,81.03225806451613
1603,81.43181818181819
1604,70.24528301886792
1605,91.6
1606,91.6
1607,90.9090909090909
1608,77.325
1609,82.3921568627451
1610,84.725
1611,74.58333333333333
1612,79.59649122807018
1613,71.97872340425532
1614,91.6
1615,71.08108108108108
1616,91.6
1617,78.7872340425532
1618,84.78260869565217
1619,91.87096774193549
1620,77.06349206349206
1621,77.4375
1622,86.63157894736842
1623,73.775
1624,91.05128205128206
1625,88.28947368421052
1626,91.6
1627,73.8103448275862
1628,91.6
1629,77.39655172413794
1630,91.6
1631,61.31944444444444
1632,91.6
1633,91.6
1634,73.81818181818181
1635,60.40229885057471
1636,79.0952380952381
1637,83.65789473684211
1638,72.64583333333333
1639,79.24324324324324
1640,69.77777777777777
1641,84.31428571428572
1642,78.56862745098039
1643,75.87755102040816
1644,80.79411764705883
1645,75.11764705882354
1646,85.83333333333333
1647,75.92647058823529
1648,82.9047619047619
1649,91.6
1650,70.64948453608247
1651,91.6
1652,80.74358974358974
1653,76.36
1654,76.72093023255815
1655,91.6
1656,77.39655172413794
1657,73.6923076923077
1658,81.28846153846153
1659,90.03125
1660,80.28205128205128
1661,86.43023255813954
1662,79.35
1663,78.92682926829268
1664,71.28703703703704
1665,71.390625
1666,88.4090909090909
1667,78.93333333333334
1668,89.8048780487805
1669,91.6
1670,91.6
1671,85.75
1672,75.42857142857143
1673,81.11111111111111
1674,85.36363636363636
1675,76.825
1676,73.72857142857143
1677,84.15625
1678,91.6
1679,78.67796610169492
1680,78.86486486486487
1681,89.6
1682,65.57391304347826
1683,82.82758620689656
1684,82.1951219512195
1685,91.6
1686,91.6
1687,89.05
1688,89.475
1689,77.11627906976744
1690,91.6
1691,83.43243243243244
1692,83.1896551724138
1693,70.71428571428571
1694,74.97142857142858
1695,81.18867924528301
1696,88.82222222222222
1697,60.752941176470586
1698,73.30434782608695
1699,83.16279069767442
1700,91.6
1701,88.73170731707317
1702,86.06451612903226
1703,80.48648648648648
1704,90.9
1705,78.28571428571429
1706,85.21052631578948
1707,89.05
1708,81.10416666666667
1709,91.6
1710,81.91666666666667
1711,77.46666666666667
1712,88.03225806451613
1713,78.04444444444445
1714,77.65217391304348
1715,92.55555555555556
1716,85.75
1717,91.6
1718,91.6
1719,84.89655172413794
1720,91.6
1721,69.76288659793815
1722,70.24528301886792
1723,70.13636363636364
1724,83.18181818181819
1725,79.97058823529412
1726,91.6
1727,91.6
1728,82.04081632653062
1729,77.39655172413794
1730,86.3030303030303
1731,91.6
1732,86.33333333333333
1733,75.71875
1734,60.752941176470586
1735,71.36486486486487
1736,73.76100628930817
1737,69.13513513513513
1738,84.225
1739,72.93023255813954
1740,78.51219512195122
1741,82.3695652173913
1742,80.64516129032258
1743,80.5
1744,81.0909090909091
1745,74.77272727272727
1746,80.70175438596492
1747,84.20689655172414
1748,76.85
1749,68.61224489795919
1750,86.15384615384616
1751,87.29545454545455
1752,79.04545454545455
1753,75.76470588235294
1754,90.03030303030303
1755,83.1470588235294
1756,82.38709677419355
1757,91.6
1758,90.2258064516129
1759,85.0909090909091
1760,79.36734693877551
1761,84.48275862068965
1762,69.66
1763,75.92647058823529
1764,91.27906976744185
1765,89.4888888888889
1766,82.38709677419355
1767,91.6
1768,91.6
1769,91.6
1770,91.6
1771,75.625
1772,91.6
1773,79.7
1774,79.97058823529412
1775,85.05555555555556
1776,91.6
1777,85.44827586206897
1778,86.76470588235294
1779,77.39024390243902
1780,71.390625
1781,83.39473684210526
1782,90.84848484848484
1783,86.29787234042553
1784,74.82926829268293
1785,91.6
1786,92.6875
1787,79.93103448275862
1788,91.6
1789,71.28703703703704
1790,86.43023255813954
1791,81.70270270270271
1792,91.6
1793,80.71739130434783
1794,91.6
1795,78.19672131147541
1796,83.58974358974359
1797,87.36585365853658
1798,91.6
1799,91.6
1800,77.28571428571429
1801,86.41379310344827
1802,85.96774193548387
1803,83.76315789473684
1804,88.0
1805,78.32558139534883
1806,75.87755102040816
1807,87.86111111111111
1808,91.6
1809,91.6
1810,78.73584905660377
1811,88.75862068965517
1812,79.07692307692308
1813,83.39024390243902
1814,84.51351351351352
1815,81.26666666666667
1816,78.66326530612245
1817,91.6
1818,83.16129032258064
1819,79.26315789473684
1820,91.6
1821,79.66666666666667
1822,91.6
1823,76.54347826086956
1824,71.21739130434783
1825,92.19607843137256
1826,75.37837837837837
1827,66.95
1828,83.93103448275862
1829,79.65573770491804
1830,81.15
1831,64.52054794520548
1832,91.6
1833,84.22448979591837
1834,91.6
1835,82.02777777777777
1836,79.1025641025641
1837,68.17241379310344
1838,91.6
1839,78.04444444444445
1840,80.7741935483871
1841,91.6
1842,80.3030303030303
1843,82.3695652173913
1844,91.6
1845,80.06896551724138
1846,91.6
1847,91.6
1848,78.2258064516129
1849,88.52542372881356
1850,91.6
1851,81.17241379310344
1852,91.6
1853,91.6
1854,81.3953488372093
1855,83.74193548387096
1856,86.76744186046511
1857,86.09375
1858,91.93103448275862
1859,80.29729729729729
1860,85.6
1861,76.38666666666667
1862,80.44680851063829
1863,79.6923076923077
1864,79.06060606060606
1865,67.14285714285714
1866,91.6
1867,91.6
1868,77.39655172413794
1869,71.28703703703704
1870,90.57894736842105
1871,69.3913043478261
1872,65.48571428571428
1873,83.04761904761905
1874,76.27272727272727
1875,91.6
1876,76.71830985915493
1877,87.13513513513513
1878,91.6
1879,85.46875
1880,91.6
1881,66.89333333333333
1882,90.96296296296296
1883,85.91111111111111
1884,82.41379310344827
1885,85.83333333333333
1886,91.6
1887,91.6
1888,87.81818181818181
1889,89.3170731707317
1890,86.97368421052632
1891,91.6
1892,79.08108108108108
1893,77.86538461538461
1894,91.6
1895,84.33333333333333
1896,89.16129032258064
1897,70.95
1898,73.91304347826087
1899,82.38709677419355
1900,91.6
1901,69.02272727272727
1902,87.3529411764706
1903,74.26190476190476
1904,85.02272727272727
1905,78.55263157894737
1906,78.48571428571428
1907,84.93023255813954
1908,76.72093023255815
1909,79.48717948717949
1910,81.38235294117646
1911,76.13793103448276
1912,91.6
1913,91.6
1914,87.85185185185185
1915,91.6
1916,91.6
1917,73.8108108108108
1918,89.5
1919,89.25641025641026
1920,88.34482758620689
1921,82.19354838709677
1922,91.6
1923,91.6
1924,81.62857142857143
1925,80.05882352941177
1926,85.81395348837209
1927,79.48717948717949
1928,91.6
1929,91.6
1930,81.04
1931,91.16666666666667
1932,91.6
1933,86.4
1934,72.63414634146342
1935,64.82926829268293
1936,72.02631578947368
1937,70.70886075949367
1938,68.41176470588235
1939,69.44660194174757
1940,74.48571428571428
1941,75.66666666666667
1942,88.70588235294117
1943,88.48275862068965
1944,71.93103448275862
1945,91.6
1946,80.42222222222222
1947,85.0909090909091
1948,72.18518518518519
1949,81.3103448275862
1950,89.94117647058823
1951,78.42424242424242
1952,91.6
1953,66.15306122448979
1954,79.59649122807018
1955,79.08108108108108
1956,73.12941176470588
1957,88.5079365079365
1958,91.6
1959,83.51724137931035
1960,91.6
1961,91.6
1962,91.51724137931035
1963,86.6896551724138
1964,82.32758620689656
1965,91.0909090909091
1966,81.26666666666667
1967,82.96551724137932
1968,75.73394495412845
1969,82.51428571428572
1970,80.69491525423729
1971,90.03225806451613
1972,75.0
1973,78.3
1974,75.73846153846154
1975,78.04081632653062
1976,91.6
1977,81.74358974358974
1978,82.55172413793103
1979,73.15
1980,86.05405405405405
1981,84.06060606060606
1982,91.6
1983,84.0
1984,82.0
1985,83.3
1986,90.72727272727273
1987,77.6
1988,78.52941176470588
1989,81.64864864864865
1990,76.02941176470588
1991,91.6
1992,75.20930232558139
1993,91.6
1994,85.70588235294117
1995,73.72857142857143
1996,79.09836065573771
1997,61.31944444444444
1998,78.97297297297297
1999,83.1896551724138
2000,81.28571428571429
2001,76.80555555555556
2002,69.94594594594595
2003,73.75
2004,79.3
2005,82.25641025641026
2006,91.6
2007,80.92105263157895
2008,92.74358974358974
2009,93.2258064516129
2010,91.6
2011,85.86206896551724
2012,73.55952380952381
2013,71.15555555555555
2014,91.6
2015,79.80733944954129
2016,73.28571428571429
2017,79.34
2018,77.06349206349206
2019,80.06976744186046
2020,74.70212765957447
2021,81.60416666666667
2022,87.89285714285714
2023,84.41935483870968
2024,83.01639344262296
2025,78.87179487179488
2026,82.58064516129032
2027,79.67647058823529
2028,91.6
2029,80.89830508474576
2030,74.42857142857143
2031,87.33333333333333
2032,89.02222222222223
2033,92.75675675675676
2034,74.54716981132076
2035,71.97872340425532
2036,84.39622641509433
2037,69.76288659793815
2038,91.6
2039,76.38666666666667
2040,76.36
2041,78.19672131147541
2042,68.21794871794872
2043,91.6
2044,82.82758620689656
2045,73.76100628930817
2046,78.97435897435898
2047,91.63414634146342
2048,72.95238095238095
2049,81.48936170212765
2050,91.6
2051,73.72857142857143
2052,76.58333333333333
2053,80.11428571428571
2054,91.6
2055,91.4888888888889
2056,79.34
2057,74.77272727272727
2058,76.57407407407408
2059,67.14285714285714
2060,80.71739130434783
2061,80.92682926829268
2062,64.59722222222223
2063,87.36585365853658
2064,82.9322033898305
2065,82.42857142857143
2066,75.02325581395348
2067,91.6
2068,86.76744186046511
2069,80.48275862068965
2070,75.66666666666667
2071,76.171875
2072,91.6
2073,84.62857142857143
2074,79.59649122807018
2075,91.6
2076,91.6
2077,92.34482758620689
2078,81.0
2079,91.6
2080,91.6
2081,72.84210526315789
2082,91.6
2083,78.66326530612245
2084,91.6
2085,77.92307692307692
2086,83.39024390243902
2087,68.13095238095238
2088,88.66666666666667
2089,90.1076923076923
2090,71.53846153846153
2091,75.4
2092,65.25
2093,78.81818181818181
2094,79.19354838709677
2095,88.8529411764706
2096,91.6
2097,83.0
2098,78.51219512195122
2099,91.6
2100,91.6
2101,81.71794871794872
2102,80.71739130434783
2103,86.25
2104,72.63414634146342
2105,83.25
2106,91.6
2107,90.1076923076923
2108,74.41304347826087
2109,79.24324324324324
2110,77.56716417910448
2111,91.6
2112,79.8225806451613
2113,71.20238095238095
2114,91.6
2115,89.6969696969697
2116,79.47916666666667
2117,82.32758620689656
2118,83.10344827586206
2119,77.91489361702128
2120,73.03333333333333
2121,91.16666666666667
2122,75.18181818181819
2123,84.67307692307692
2124,83.01639344262296
2125,81.84210526315789
2126,77.70731707317073
2127,80.06976744186046
2128,79.60606060606061
2129,80.89830508474576
2130,88.78787878787878
2131,91.6
2132,76.13793103448276
2133,91.6
2134,82.82758620689656
2135,72.30952380952381
2136,82.27027027027027
2137,81.47368421052632
2138,91.6
2139,91.6
2140,80.7560975609756
2141,80.59574468085107
2142,89.84615384615384
2143,86.72093023255815
2144,91.6
2145,74.27272727272727
2146,68.91071428571429
2147,89.85714285714286
2148,81.57142857142857
2149,70.20689655172414
2150,66.92307692307692
2151,92.75862068965517
2152,79.7
2153,91.6
2154,91.6
2155,91.6
2156,64.59722222222223
2157,77.28571428571429
2158,73.12941176470588
2159,86.76744186046511
2160,81.3
2161,91.6
2162,76.71830985915493
2163,75.09433962264151
2164,76.6842105263158
2165,91.6
2166,83.35483870967742
2167,91.6
2168,91.6
2169,85.0909090909091
2170,91.6
2171,89.97142857142858
2172,91.6
2173,78.55882352941177
2174,91.6
2175,89.71428571428571
2176,76.58064516129032
2177,91.6
2178,79.11764705882354
2179,91.6
2180,78.28260869565217
2181,77.46666666666667
2182,86.6829268292683
2183,80.92682926829268
2184,66.46551724137932
2185,73.8103448275862
2186,71.28703703703704
2187,74.09803921568627
2188,78.66326530612245
2189,80.37254901960785
2190,87.66666666666667
2191,88.52542372881356
2192,81.72093023255815
2193,86.05405405405405
2194,82.41379310344827
2195,76.93150684931507
2196,81.0
2197,87.36585365853658
2198,78.15094339622641
2199,91.6
2200,71.4047619047619
2201,78.93333333333334
2202,84.3225806451613
2203,87.93103448275862
2204,83.91304347826087
2205,73.8103448275862
2206,81.04
2207,65.3409090909091
2208,84.08695652173913
2209,68.94871794871794
2210,78.51219512195122
2211,77.71428571428571
2212,75.16363636363636
2213,91.6
2214,91.6
2215,84.89473684210526
2216,78.62068965517241
2217,91.65517241379311
2218,74.54716981132076
2219,85.10526315789474
2220,91.6
2221,88.48571428571428
2222,73.0
2223,81.02564102564102
2224,71.33333333333333
2225,94.29166666666667
2226,84.41666666666667
2227,91.6
2228,79.93023255813954
2229,85.60526315789474
2230,91.09677419354838
2231,88.58064516129032
2232,91.6
2233,75.64814814814815
2234,91.6
2235,72.05882352941177
2236,91.6
2237,85.47368421052632
2238,90.41935483870968
2239,78.3529411764706
2240,84.85714285714286
2241,91.6
2242,78.32558139534883
2243,85.15555555555555
2244,79.35
2245,74.9009900990099
2246,74.13157894736842
2247,83.20454545454545
2248,72.84210526315789
2249,91.6
2250,75.1038961038961
2251,86.97368421052632
2252,84.51612903225806
2253,83.625
2254,87.51612903225806
2255,77.88095238095238
2256,81.14285714285714
2257,91.16216216216216
2258,91.17647058823529
2259,70.22727272727273
2260,79.23913043478261
2261,91.6
2262,79.15151515151516
2263,81.38461538461539
2264,79.67647058823529
2265,65.48571428571428
2266,91.6
2267,73.23404255319149
2268,60.984375
2269,78.04444444444445
2270,91.6
2271,80.89830508474576
2272,80.25714285714285
2273,78.66326530612245
2274,79.80555555555556
2275,78.47058823529412
2276,91.6
2277,83.75757575757575
2278,92.48275862068965
2279,76.0
2280,60.984375
2281,78.70270270270271
2282,72.55384615384615
2283,78.93333333333334
2284,79.79310344827586
2285,86.25806451612904
2286,86.4054054054054
2287,66.89333333333333
2288,81.18867924528301
2289,91.6
2290,91.6
2291,91.6
2292,76.54761904761905
2293,91.6
2294,86.425
2295,79.0
2296,81.80645161290323
2297,68.90178571428571
2298,91.6
2299,91.6
2300,88.4090909090909
2301,85.72972972972973
2302,93.2258064516129
2303,90.1875
2304,91.6
2305,75.475
2306,73.28260869565217
2307,89.61111111111111
2308,78.6938775510204
2309,81.1951219512195
2310,91.16666666666667
2311,91.6
2312,80.73684210526316
2313,86.32352941176471
2314,84.72727272727273
2315,90.8
2316,75.47058823529412
2317,71.93103448275862
2318,78.67796610169492
2319,84.9298245614035
2320,85.37142857142857
2321,91.6
2322,87.61538461538461
2323,61.31944444444444
2324,91.6
2325,91.6
2326,81.22
2327,90.29032258064517
2328,78.93333333333334
2329,67.28571428571429
2330,91.6
2331,91.6
2332,86.05405405405405
2333,73.25806451612904
2334,88.56410256410257
2335,91.6
2336,86.55319148936171
2337,72.22916666666667
2338,81.64864864864865
2339,82.3921568627451
2340,82.1219512195122
2341,84.39622641509433
2342,75.28571428571429
2343,91.6
2344,86.8108108108108
2345,80.26666666666667
2346,79.54285714285714
2347,89.42105263157895
2348,86.39393939393939
2349,75.73394495412845
2350,77.39655172413794
2351,81.28846153846153
2352,73.76100628930817
2353,84.95454545454545
2354,87.78787878787878
2355,79.79310344827586
2356,86.0
2357,72.55384615384615
2358,77.4186046511628
2359,91.6
2360,76.171875
2361,91.6
2362,75.875
2363,91.6
2364,75.73394495412845
2365,77.88571428571429
2366,90.27586206896552
2367,79.3157894736842
2368,76.1063829787234
2369,87.70967741935483
2370,80.71739130434783
2371,74.08333333333333
2372,79.025
2373,73.90384615384616
2374,82.86274509803921
2375,80.77777777777777
2376,65.25
2377,90.41379310344827
2378,79.36734693877551
2379,72.78082191780823
2380,75.0
2381,84.75
2382,86.73239436619718
2383,90.35714285714286
2384,92.75862068965517
2385,57.94285714285714
2386,76.71830985915493
2387,81.02564102564102
2388,77.3
2389,74.54716981132076
2390,89.61111111111111
2391,81.3103448275862
2392,86.86486486486487
2393,91.6
2394,89.475
2395,72.84210526315789
2396,89.05263157894737
2397,82.28888888888889
2398,69.76288659793815
2399,78.74545454545455
2400,91.6
2401,80.94642857142857
2402,65.48571428571428
2403,91.6
2404,79.59649122807018
2405,67.2
2406,80.78947368421052
2407,91.6
2408,86.70967741935483
2409,90.27586206896552
2410,91.6
2411,79.525
2412,78.80392156862744
2413,72.0909090909091
2414,89.12121212121212
2415,76.07070707070707
2416,91.6
2417,71.43103448275862
2418,89.76470588235294
2419,77.65217391304348
2420,91.6
2421,71.04761904761905
2422,91.6
2423,83.95121951219512
2424,91.6
2425,70.24528301886792
2426,78.48484848484848
2427,86.27586206896552
2428,82.0
2429,74.94957983193277
2430,83.34210526315789
2431,86.5925925925926
2432,69.66
2433,77.91489361702128
2434,82.74468085106383
2435,88.13513513513513
2436,91.6
2437,88.87096774193549
2438,80.53658536585365
2439,74.9009900990099
2440,77.46666666666667
2441,75.76086956521739
2442,79.85714285714286
2443,71.4047619047619
2444,82.5952380952381
2445,90.13793103448276
2446,91.6
2447,78.32558139534883
2448,78.74545454545455
2449,67.5925925925926
2450,77.76190476190476
2451,88.5079365079365
2452,77.85106382978724
2453,75.78125
2454,91.6
2455,91.6
2456,79.03921568627452
2457,82.02777777777777
2458,82.34
2459,88.66666666666667
2460,78.55
2461,83.28571428571429
2462,86.56
2463,89.75
2464,91.6
2465,69.74698795180723
2466,84.225
2467,83.16279069767442
2468,75.73394495412845
2469,76.45238095238095
2470,91.6
2471,91.6
2472,91.6
2473,89.87878787878788
2474,81.35714285714286
2475,91.6
2476,86.45714285714286
2477,73.63414634146342
2478,77.06666666666666
2479,74.55932203389831
2480,79.39622641509433
2481,80.84848484848484
2482,81.04
2483,80.79545454545455
2484,90.51612903225806
2485,76.27272727272727
2486,83.27272727272727
2487,79.8780487804878
2488,88.9076923076923
2489,80.7560975609756
2490,81.66666666666667
2491,78.3125
2492,91.6
2493,75.09433962264151
2494,78.19672131147541
2495,89.86206896551724
2496,81.16129032258064
2497,76.45238095238095
2498,79.98039215686275
2499,91.6
2500,76.59649122807018
2501,64.59722222222223
2502,85.95348837209302
2503,91.6
2504,73.51020408163265
2505,87.44117647058823
2506,91.6
2507,73.91304347826087
2508,77.39024390243902
2509,81.16129032258064
2510,72.93023255813954
2511,91.6
2512,80.7843137254902
2513,82.91891891891892
2514,79.59649122807018
2515,75.18181818181819
2516,86.29787234042553
2517,83.65789473684211
2518,81.41463414634147
2519,61.38775510204081
2520,81.71428571428571
2521,78.83783783783784
2522,73.76100628930817
2523,69.95890410958904
2524,78.73584905660377
2525,91.6
2526,78.66326530612245
2527,75.73394495412845
2528,85.10526315789474
2529,78.7872340425532
2530,88.53333333333333
2531,91.6
2532,79.80555555555556
2533,84.39622641509433
2534,91.6
2535,79.35
2536,78.73584905660377
2537,77.46666666666667
2538,91.6
2539,92.06896551724138
2540,78.0
2541,91.6
2542,76.55405405405405
2543,84.725
2544,81.0909090909091
2545,75.5813953488372
2546,91.6
2547,78.55882352941177
2548,83.0
2549,86.41666666666667
2550,83.25
2551,82.17948717948718
2552,80.51923076923077
2553,83.03030303030303
2554,79.28947368421052
2555,91.6
2556,81.53333333333333
2557,91.6
2558,79.66666666666667
2559,86.82758620689656
2560,75.08695652173913
2561,79.02777777777777
2562,89.375
2563,89.95918367346938
2564,76.67272727272727
2565,80.37254901960785
2566,78.37349397590361
2567,91.6
2568,91.6
2569,79.1025641025641
2570,81.13888888888889
2571,71.36486486486487
2572,91.6
2573,83.78787878787878
2574,79.24324324324324
2575,85.66666666666667
2576,91.6
2577,89.8108108108108
2578,87.67567567567568
2579,86.43023255813954
2580,91.6
2581,78.86666666666666
2582,77.65217391304348
2583,86.6896551724138
2584,69.63636363636364
2585,83.05263157894737
2586,76.58064516129032
2587,76.171875
2588,80.16216216216216
2589,77.15384615384616
2590,79.65306122448979
2591,85.54545454545455
2592,74.0
2593,79.66666666666667
2594,76.171875
2595,91.6
2596,71.52272727272727
2597,79.80555555555556
2598,91.6
2599,83.3953488372093
2600,73.8
2601,90.13793103448276
2602,68.41176470588235
2603,76.60240963855422
2604,91.6
2605,77.66666666666667
2606,79.45454545454545
2607,71.390625
2608,78.08823529411765
2609,83.04761904761905
2610,91.6
2611,91.6
2612,80.0952380952381
2613,91.6
2614,83.37931034482759
2615,91.6
2616,74.9009900990099
2617,63.982300884955755
2618,71.20238095238095
2619,83.27272727272727
2620,66.78048780487805
2621,79.6969696969697
2622,91.6
2623,90.36363636363636
2624,56.80263157894737
2625,86.04166666666667
2626,91.6
2627,71.53846153846153
2628,87.65517241379311
2629,92.0909090909091
2630,91.6
2631,84.44444444444444
2632,86.3
2633,80.89655172413794
2634,91.6
2635,91.6
2636,82.0
2637,77.79411764705883
2638,80.35483870967742
2639,87.81818181818181
2640,69.76288659793815
2641,68.75
2642,84.6
2643,70.95
2644,83.5945945945946
2645,84.08695652173913
2646,91.6
2647,90.1470588235294
2648,87.975
2649,72.76923076923077
2650,80.20454545454545
2651,91.6
2652,76.171875
2653,91.27906976744185
2654,87.39393939393939
2655,91.6
2656,87.03030303030303
2657,91.6
2658,75.42857142857143
2659,79.97058823529412
2660,79.67796610169492
2661,81.71428571428571
2662,73.65517241379311
2663,91.6
2664,71.4047619047619
2665,81.92682926829268
2666,81.88372093023256
2667,82.34
2668,72.93023255813954
2669,91.6
2670,84.94444444444444
2671,83.60526315789474
2672,79.07575757575758
2673,82.34
2674,92.5945945945946
2675,91.6
2676,81.57142857142857
2677,89.85
2678,88.79629629629629
2679,73.45652173913044
2680,91.6
2681,78.03225806451613
2682,91.6
2683,88.5079365079365
2684,73.43589743589743
2685,78.73584905660377
2686,73.43589743589743
2687,91.6
2688,60.752941176470586
2689,86.94117647058823
2690,83.53333333333333
2691,75.23529411764706
2692,79.0952380952381
2693,66.84375
2694,75.11764705882354
2695,85.51282051282051
2696,72.77777777777777
2697,79.97560975609755
2698,91.51724137931035
2699,91.6
2700,81.16666666666667
2701,91.6
2702,77.60606060606061
2703,76.0
2704,74.40816326530613
2705,91.6
2706,91.6
2707,74.77272727272727
2708,71.74358974358974
2709,68.5
2710,79.47916666666667
2711,87.95121951219512
2712,86.33333333333333
2713,77.93548387096774
2714,78.32558139534883
2715,82.32352941176471
2716,69.90384615384616
2717,91.6
2718,75.64814814814815
2719,77.8780487804878
2720,75.08695652173913
2721,73.0
2722,82.77142857142857
2723,80.3529411764706
2724,87.70588235294117
2725,85.09677419354838
2726,83.16216216216216
2727,88.5
2728,84.25581395348837
2729,86.27586206896552
2730,83.3
2731,85.83333333333333
2732,71.15555555555555
2733,72.55384615384615
2734,71.6842105263158
2735,81.3953488372093
2736,91.6
2737,91.6
2738,85.70454545454545
2739,86.69444444444444
2740,87.975
2741,75.18181818181819
2742,77.78181818181818
2743,84.51351351351352
2744,84.85714285714286
2745,78.66326530612245
2746,81.46153846153847
2747,78.15094339622641
2748,91.6
2749,76.15384615384616
2750,79.25454545454545
2751,91.6
2752,80.71739130434783
2753,79.65573770491804
2754,84.05555555555556
2755,87.1842105263158
2756,71.6842105263158
2757,83.39473684210526
2758,91.6
2759,82.13888888888889
2760,83.11428571428571
2761,91.6
2762,91.6
2763,76.68085106382979
2764,69.88235294117646
2765,91.6
2766,81.71794871794872
2767,91.6
2768,71.75
2769,87.375
2770,75.275
2771,91.6
2772,72.45652173913044
2773,82.51428571428572
2774,76.59649122807018
2775,74.9009900990099
2776,72.18518518518519
2777,79.02702702702703
2778,75.25531914893617
2779,74.26190476190476
2780,91.6
2781,69.88235294117646
2782,76.9047619047619
2783,78.66326530612245
2784,74.54716981132076
2785,81.0
2786,80.75862068965517
2787,89.03448275862068
2788,85.05555555555556
2789,84.06060606060606
2790,80.20689655172414
2791,91.6
2792,77.28947368421052
2793,78.81132075471699
2794,79.03921568627452
2795,81.34285714285714
2796,83.64516129032258
2797,89.34146341463415
2798,78.32558139534883
2799,83.18181818181819
2800,76.38666666666667
2801,80.92682926829268
2802,86.875
2803,68.62162162162163
2804,86.27586206896552
2805,72.84210526315789
2806,91.6
2807,79.9
2808,87.375
2809,68.94915254237289
2810,74.26315789473684
2811,81.16129032258064
2812,78.28260869565217
2813,91.6
2814,81.34210526315789
2815,73.71428571428571
2816,61.31944444444444
2817,72.46296296296296
2818,71.25581395348837
2819,80.92105263157895
2820,80.22727272727273
2821,91.6
2822,71.26415094339623
2823,91.6
2824,83.16666666666667
2825,73.76923076923077
2826,79.11764705882354
2827,91.6
2828,91.6
2829,83.32432432432432
2830,78.6969696969697
2831,77.47619047619048
2832,84.64864864864865
2833,82.88135593220339
2834,72.92063492063492
2835,73.23404255319149
2836,84.44444444444444
2837,78.55263157894737
2838,74.9009900990099
2839,83.6938775510204
2840,77.44444444444444
2841,76.825
2842,73.72857142857143
2843,77.85106382978724
2844,77.6
2845,91.6
2846,89.6875
2847,78.55
2848,87.33333333333333
2849,77.46666666666667
2850,91.6
2851,83.21212121212122
2852,80.53658536585365
2853,84.225
2854,91.6
2855,70.22727272727273
2856,85.36363636363636
2857,91.97368421052632
2858,84.3030303030303
2859,85.90789473684211
2860,73.6923076923077
2861,79.07575757575758
2862,68.90178571428571
2863,91.6
2864,77.06666666666666
2865,81.16129032258064
2866,91.6
2867,71.97872340425532
2868,82.41379310344827
2869,76.83783783783784
2870,86.39393939393939
2871,91.6
2872,75.1038961038961
2873,89.73684210526316
2874,85.45
2875,68.73684210526316
2876,84.09302325581395
2877,79.8225806451613
2878,91.6
2879,86.41666666666667
2880,86.65853658536585
2881,69.02272727272727
2882,73.76100628930817
2883,74.93442622950819
2884,82
2885,81.3103448275862
2886,82.25641025641026
2887,91.45454545454545
2888,84.05555555555556
2889,80.20454545454545
2890,74.9009900990099
2891,91.6
2892,85.38709677419355
2893,78.80392156862744
2894,70.70886075949367
2895,76.54545454545455
2896,81.78571428571429
2897,89.22222222222223
2898,68.41176470588235
2899,80.59574468085107
2900,82.21212121212122
2901,84.12903225806451
2902,69.76288659793815
2903,91.6
2904,77.54838709677419
2905,83.46808510638297
2906,91.6
2907,73.90384615384616
2908,91.6
2909,81.3103448275862
2910,82.88135593220339
2911,87.48837209302326
2912,70.24528301886792
2913,91.25
2914,91.6
2915,81.3953488372093
2916,71.28703703703704
2917,82.63095238095238
2918,64.52054794520548
2919,87.0909090909091
2920,91.6
2921,83.51724137931035
2922,91.6
2923,79.32608695652173
2924,80.36363636363636
2925,92.25
2926,91.6
2927,91.6
2928,80.19047619047619
2929,91.6
2930,81.61538461538461
2931,73.12941176470588
2932,91.6
2933,82.46551724137932
2934,76.07070707070707
2935,81.66666666666667
2936,81.78571428571429
2937,88.0
2938,64.52054794520548
2939,71.28703703703704
2940,73.6984126984127
2941,75.64814814814815
2942,79.08108108108108
2943,91.6
2944,87.68571428571428
2945,75.73394495412845
2946,86.74418604651163
2947,88.47058823529412
2948,82.3695652173913
2949,77.4390243902439
2950,91.6
2951,82.91891891891892
2952,83.94444444444444
2953,83.23684210526316
2954,79.53488372093024
2955,73.17777777777778
2956,75.18181818181819
2957,91.6
2958,77.325
2959,79.23913043478261
2960,83.45714285714286
2961,73.98
2962,69.63636363636364
2963,80.78125
2964,91.6
2965,86.76470588235294
2966,88.55172413793103
2967,91.6
2968,88.55
2969,65.92105263157895
2970,79.80555555555556
2971,81.13953488372093
2972,73.87179487179488
2973,86.05405405405405
2974,91.6
2975,65.92105263157895
2976,77.66666666666667
2977,91.6
2978,79.08108108108108
2979,85.16
2980,74.45238095238095
2981,91.6
2982,91.6
2983,86.425
2984,81.16279069767442
2985,75.51351351351352
2986,56.05813953488372
2987,78.4
2988,91.6
2989,90.12765957446808
2990,74.26315789473684
2991,81.3953488372093
2992,78.47727272727273
2993,88.29629629629629
2994,73.76100628930817
2995,79.71794871794872
2996,69.08108108108108
2997,86.69444444444444
2998,70.24528301886792
2999,77.11627906976744
3000,75.09433962264151
